        Frequency / GHz                SZmax(2),Zmax(1)/abs,dB
----------------------------------------------------------------------
                      13                      -3.5018994
                  13.004                      -3.5028968
                  13.008                      -3.5038496
                  13.012                      -3.5047579
                  13.016                      -3.5056219
                   13.02                      -3.5064417
                  13.024                      -3.5072174
                  13.028                      -3.5079492
                  13.032                      -3.5086371
                  13.036                      -3.5092813
                   13.04                      -3.5098819
                  13.044                       -3.510439
                  13.048                      -3.5109527
                  13.052                      -3.5114232
                  13.056                      -3.5118506
                   13.06                      -3.5122349
                  13.064                      -3.5125763
                  13.068                       -3.512875
                  13.072                       -3.513131
                  13.076                      -3.5133444
                   13.08                      -3.5135155
                  13.084                      -3.5136442
                  13.088                      -3.5137307
                  13.092                      -3.5137751
                  13.096                      -3.5137775
                    13.1                      -3.5137381
                  13.104                       -3.513657
                  13.108                      -3.5135342
                  13.112                      -3.5133699
                  13.116                      -3.5131642
                   13.12                      -3.5129173
                  13.124                      -3.5126291
                  13.128                      -3.5122999
                  13.132                      -3.5119297
                  13.136                      -3.5115187
                   13.14                       -3.511067
                  13.144                      -3.5105747
                  13.148                      -3.5100418
                  13.152                      -3.5094686
                  13.156                      -3.5088551
                   13.16                      -3.5082014
                  13.164                      -3.5075076
                  13.168                      -3.5067739
                  13.172                      -3.5060004
                  13.176                      -3.5051871
                   13.18                      -3.5043342
                  13.184                      -3.5034418
                  13.188                        -3.50251
                  13.192                      -3.5015389
                  13.196                      -3.5005286
                    13.2                      -3.4994792
                  13.204                      -3.4983909
                  13.208                      -3.4972636
                  13.212                      -3.4960977
                  13.216                      -3.4948931
                   13.22                      -3.4936499
                  13.224                      -3.4923684
                  13.228                      -3.4910485
                  13.232                      -3.4896904
                  13.236                      -3.4882941
                   13.24                      -3.4868599
                  13.244                      -3.4853878
                  13.248                      -3.4838779
                  13.252                      -3.4823303
                  13.256                      -3.4807451
                   13.26                      -3.4791225
                  13.264                      -3.4774625
                  13.268                      -3.4757652
                  13.272                      -3.4740308
                  13.276                      -3.4722593
                   13.28                      -3.4704509
                  13.284                      -3.4686057
                  13.288                      -3.4667237
                  13.292                      -3.4648051
                  13.296                        -3.46285
                    13.3                      -3.4608585
                  13.304                      -3.4588306
                  13.308                      -3.4567666
                  13.312                      -3.4546664
                  13.316                      -3.4525302
                   13.32                      -3.4503582
                  13.324                      -3.4481504
                  13.328                      -3.4459069
                  13.332                      -3.4436278
                  13.336                      -3.4413132
                   13.34                      -3.4389633
                  13.344                      -3.4365781
                  13.348                      -3.4341578
                  13.352                      -3.4317024
                  13.356                       -3.429212
                   13.36                      -3.4266868
                  13.364                      -3.4241269
                  13.368                      -3.4215323
                  13.372                      -3.4189032
                  13.376                      -3.4162397
                   13.38                      -3.4135418
                  13.384                      -3.4108097
                  13.388                      -3.4080435
                  13.392                      -3.4052434
                  13.396                      -3.4024093
                    13.4                      -3.3995414
                  13.404                      -3.3966398
                  13.408                      -3.3937046
                  13.412                      -3.3907359
                  13.416                      -3.3877339
                   13.42                      -3.3846985
                  13.424                        -3.38163
                  13.428                      -3.3785285
                  13.432                       -3.375394
                  13.436                      -3.3722266
                   13.44                      -3.3690265
                  13.444                      -3.3657937
                  13.448                      -3.3625284
                  13.452                      -3.3592307
                  13.456                      -3.3559006
                   13.46                      -3.3525383
                  13.464                      -3.3491439
                  13.468                      -3.3457175
                  13.472                      -3.3422592
                  13.476                      -3.3387691
                   13.48                      -3.3352473
                  13.484                       -3.331694
                  13.488                      -3.3281091
                  13.492                      -3.3244929
                  13.496                      -3.3208454
                    13.5                      -3.3171668
                  13.504                      -3.3134572
                  13.508                      -3.3097166
                  13.512                      -3.3059451
                  13.516                       -3.302143
                   13.52                      -3.2983102
                  13.524                      -3.2944469
                  13.528                      -3.2905533
                  13.532                      -3.2866293
                  13.536                      -3.2826752
                   13.54                       -3.278691
                  13.544                      -3.2746768
                  13.548                      -3.2706328
                  13.552                      -3.2665591
                  13.556                      -3.2624558
                   13.56                      -3.2583229
                  13.564                      -3.2541606
                  13.568                       -3.249969
                  13.572                      -3.2457483
                  13.576                      -3.2414985
                   13.58                      -3.2372197
                  13.584                      -3.2329121
                  13.588                      -3.2285758
                  13.592                      -3.2242108
                  13.596                      -3.2198173
                    13.6                      -3.2153955
                  13.604                      -3.2109454
                  13.608                      -3.2064671
                  13.612                      -3.2019608
                  13.616                      -3.1974265
                   13.62                      -3.1928644
                  13.624                      -3.1882747
                  13.628                      -3.1836573
                  13.632                      -3.1790125
                  13.636                      -3.1743403
                   13.64                      -3.1696409
                  13.644                      -3.1649144
                  13.648                      -3.1601609
                  13.652                      -3.1553805
                  13.656                      -3.1505734
                   13.66                      -3.1457397
                  13.664                      -3.1408794
                  13.668                      -3.1359927
                  13.672                      -3.1310798
                  13.676                      -3.1261407
                   13.68                      -3.1211756
                  13.684                      -3.1161845
                  13.688                      -3.1111677
                  13.692                      -3.1061252
                  13.696                      -3.1010572
                    13.7                      -3.0959638
                  13.704                      -3.0908451
                  13.708                      -3.0857012
                  13.712                      -3.0805323
                  13.716                      -3.0753385
                   13.72                      -3.0701199
                  13.724                      -3.0648767
                  13.728                      -3.0596089
                  13.732                      -3.0543167
                  13.736                      -3.0490003
                   13.74                      -3.0436597
                  13.744                      -3.0382952
                  13.748                      -3.0329067
                  13.752                      -3.0274945
                  13.756                      -3.0220587
                   13.76                      -3.0165995
                  13.764                      -3.0111168
                  13.768                       -3.005611
                  13.772                      -3.0000821
                  13.776                      -2.9945303
                   13.78                      -2.9889556
                  13.784                      -2.9833583
                  13.788                      -2.9777385
                  13.792                      -2.9720963
                  13.796                      -2.9664318
                    13.8                      -2.9607452
                  13.804                      -2.9550367
                  13.808                      -2.9493063
                  13.812                      -2.9435543
                  13.816                      -2.9377807
                   13.82                      -2.9319857
                  13.824                      -2.9261694
                  13.828                       -2.920332
                  13.832                      -2.9144737
                  13.836                      -2.9085946
                   13.84                      -2.9026948
                  13.844                      -2.8967744
                  13.848                      -2.8908337
                  13.852                      -2.8848728
                  13.856                      -2.8788918
                   13.86                      -2.8728908
                  13.864                      -2.8668701
                  13.868                      -2.8608298
                  13.872                      -2.8547701
                  13.876                       -2.848691
                   13.88                      -2.8425928
                  13.884                      -2.8364755
                  13.888                      -2.8303395
                  13.892                      -2.8241847
                  13.896                      -2.8180115
                    13.9                      -2.8118199
                  13.904                      -2.8056101
                  13.908                      -2.7993822
                  13.912                      -2.7931365
                  13.916                      -2.7868731
                   13.92                      -2.7805921
                  13.924                      -2.7742938
                  13.928                      -2.7679782
                  13.932                      -2.7616456
                  13.936                      -2.7552961
                   13.94                        -2.74893
                  13.944                      -2.7425473
                  13.948                      -2.7361482
                  13.952                       -2.729733
                  13.956                      -2.7233017
                   13.96                      -2.7168546
                  13.964                      -2.7103919
                  13.968                      -2.7039137
                  13.972                      -2.6974201
                  13.976                      -2.6909115
                   13.98                      -2.6843879
                  13.984                      -2.6778495
                  13.988                      -2.6712966
                  13.992                      -2.6647292
                  13.996                      -2.6581477
                      14                      -2.6515521
                  14.004                      -2.6449427
                  14.008                      -2.6383197
                  14.012                      -2.6316832
                  14.016                      -2.6250334
                   14.02                      -2.6183706
                  14.024                      -2.6116949
                  14.028                      -2.6050065
                  14.032                      -2.5983056
                  14.036                      -2.5915924
                   14.04                      -2.5848672
                  14.044                        -2.57813
                  14.048                      -2.5713811
                  14.052                      -2.5646208
                  14.056                      -2.5578492
                   14.06                      -2.5510665
                  14.064                      -2.5442729
                  14.068                      -2.5374687
                  14.072                       -2.530654
                  14.076                       -2.523829
                   14.08                       -2.516994
                  14.084                      -2.5101492
                  14.088                      -2.5032948
                  14.092                       -2.496431
                  14.096                       -2.489558
                    14.1                      -2.4826761
                  14.104                      -2.4757854
                  14.108                      -2.4688862
                  14.112                      -2.4619787
                  14.116                      -2.4550632
                   14.12                      -2.4481398
                  14.124                      -2.4412087
                  14.128                      -2.4342703
                  14.132                      -2.4273248
                  14.136                      -2.4203723
                   14.14                      -2.4134131
                  14.144                      -2.4064474
                  14.148                      -2.3994755
                  14.152                      -2.3924977
                  14.156                       -2.385514
                   14.16                      -2.3785249
                  14.164                      -2.3715305
                  14.168                      -2.3645311
                  14.172                      -2.3575269
                  14.176                      -2.3505182
                   14.18                      -2.3435051
                  14.184                      -2.3364881
                  14.188                      -2.3294672
                  14.192                      -2.3224428
                  14.196                      -2.3154152
                    14.2                      -2.3083845
                  14.204                       -2.301351
                  14.208                      -2.2943151
                  14.212                      -2.2872769
                  14.216                      -2.2802367
                   14.22                      -2.2731948
                  14.224                      -2.2661514
                  14.228                      -2.2591069
                  14.232                      -2.2520614
                  14.236                      -2.2450152
                   14.24                      -2.2379687
                  14.244                      -2.2309221
                  14.248                      -2.2238757
                  14.252                      -2.2168297
                  14.256                      -2.2097844
                   14.26                      -2.2027401
                  14.264                      -2.1956972
                  14.268                      -2.1886557
                  14.272                      -2.1816162
                  14.276                      -2.1745788
                   14.28                      -2.1675438
                  14.284                      -2.1605115
                  14.288                      -2.1534823
                  14.292                      -2.1464564
                  14.296                       -2.139434
                    14.3                      -2.1324156
                  14.304                      -2.1254013
                  14.308                      -2.1183916
                  14.312                      -2.1113867
                  14.316                      -2.1043868
                   14.32                      -2.0973924
                  14.324                      -2.0904037
                  14.328                       -2.083421
                  14.332                      -2.0764446
                  14.336                       -2.069475
                   14.34                      -2.0625122
                  14.344                      -2.0555568
                  14.348                      -2.0486089
                  14.352                       -2.041669
                  14.356                      -2.0347373
                   14.36                      -2.0278141
                  14.364                      -2.0208999
                  14.368                      -2.0139949
                  14.372                      -2.0070994
                  14.376                      -2.0002137
                   14.38                      -1.9933383
                  14.384                      -1.9864734
                  14.388                      -1.9796194
                  14.392                      -1.9727766
                  14.396                      -1.9659453
                    14.4                      -1.9591259
                  14.404                      -1.9523188
                  14.408                      -1.9455242
                  14.412                      -1.9387425
                  14.416                      -1.9319741
                   14.42                      -1.9252193
                  14.424                      -1.9184785
                  14.428                       -1.911752
                  14.432                      -1.9050401
                  14.436                      -1.8983433
                   14.44                      -1.8916618
                  14.444                      -1.8849961
                  14.448                      -1.8783465
                  14.452                      -1.8717134
                  14.456                       -1.865097
                   14.46                      -1.8584979
                  14.464                      -1.8519163
                  14.468                      -1.8453526
                  14.472                      -1.8388073
                  14.476                      -1.8322805
                   14.48                      -1.8257729
                  14.484                      -1.8192846
                  14.488                      -1.8128161
                  14.492                      -1.8063678
                  14.496                      -1.7999401
                    14.5                      -1.7935332
                  14.504                      -1.7871477
                  14.508                      -1.7807839
                  14.512                      -1.7744421
                  14.516                      -1.7681228
                   14.52                      -1.7618264
                  14.524                      -1.7555532
                  14.528                      -1.7493036
                  14.532                       -1.743078
                  14.536                      -1.7368769
                   14.54                      -1.7307006
                  14.544                      -1.7245495
                  14.548                       -1.718424
                  14.552                      -1.7123245
                  14.556                      -1.7062514
                   14.56                      -1.7002051
                  14.564                       -1.694186
                  14.568                      -1.6881945
                  14.572                      -1.6822311
                  14.576                      -1.6762961
                   14.58                      -1.6703899
                  14.584                      -1.6645129
                  14.588                      -1.6586656
                  14.592                      -1.6528484
                  14.596                      -1.6470616
                    14.6                      -1.6413057
                  14.604                      -1.6355812
                  14.608                      -1.6298883
                  14.612                      -1.6242276
                  14.616                      -1.6185994
                   14.62                      -1.6130041
                  14.624                      -1.6074423
                  14.628                      -1.6019143
                  14.632                      -1.5964205
                  14.636                      -1.5909613
                   14.64                      -1.5855372
                  14.644                      -1.5801486
                  14.648                      -1.5747959
                  14.652                      -1.5694795
                  14.656                      -1.5641999
                   14.66                      -1.5589575
                  14.664                      -1.5537526
                  14.668                      -1.5485859
                  14.672                      -1.5434576
                  14.676                      -1.5383681
                   14.68                       -1.533318
                  14.684                      -1.5283077
                  14.688                      -1.5233375
                  14.692                      -1.5184079
                  14.696                      -1.5135194
                    14.7                      -1.5086723
                  14.704                      -1.5038671
                  14.708                      -1.4991043
                  14.712                      -1.4943842
                  14.716                      -1.4897073
                   14.72                      -1.4850739
                  14.724                      -1.4804847
                  14.728                      -1.4759399
                  14.732                        -1.47144
                  14.736                      -1.4669854
                   14.74                      -1.4625766
                  14.744                       -1.458214
                  14.748                       -1.453898
                  14.752                       -1.449629
                  14.756                      -1.4454076
                   14.76                       -1.441234
                  14.764                      -1.4371088
                  14.768                      -1.4330323
                  14.772                       -1.429005
                  14.776                      -1.4250273
                   14.78                      -1.4210997
                  14.784                      -1.4172225
                  14.788                      -1.4133963
                  14.792                      -1.4096213
                  14.796                      -1.4058981
                    14.8                       -1.402227
                  14.804                      -1.3986085
                  14.808                       -1.395043
                  14.812                       -1.391531
                  14.816                      -1.3880727
                   14.82                      -1.3846687
                  14.824                      -1.3813194
                  14.828                      -1.3780252
                  14.832                      -1.3747864
                  14.836                      -1.3716036
                   14.84                      -1.3684771
                  14.844                      -1.3654073
                  14.848                      -1.3623947
                  14.852                      -1.3594396
                  14.856                      -1.3565424
                   14.86                      -1.3537036
                  14.864                      -1.3509235
                  14.868                      -1.3482026
                  14.872                      -1.3455413
                  14.876                      -1.3429399
                   14.88                      -1.3403988
                  14.884                      -1.3379184
                  14.888                      -1.3354992
                  14.892                      -1.3331415
                  14.896                      -1.3308457
                    14.9                      -1.3286122
                  14.904                      -1.3264413
                  14.908                      -1.3243335
                  14.912                      -1.3222891
                  14.916                      -1.3203084
                   14.92                       -1.318392
                  14.924                      -1.3165401
                  14.928                       -1.314753
                  14.932                      -1.3130313
                  14.936                      -1.3113752
                   14.94                       -1.309785
                  14.944                      -1.3082612
                  14.948                      -1.3068041
                  14.952                      -1.3054141
                  14.956                      -1.3040914
                   14.96                      -1.3028365
                  14.964                      -1.3016497
                  14.968                      -1.3005313
                  14.972                      -1.2994816
                  14.976                       -1.298501
                   14.98                      -1.2975899
                  14.984                      -1.2967484
                  14.988                      -1.2959771
                  14.992                      -1.2952761
                  14.996                      -1.2946458
                      15                      -1.2940866
                  15.004                      -1.2935986
                  15.008                      -1.2931823
                  15.012                      -1.2928379
                  15.016                      -1.2925657
                   15.02                       -1.292366
                  15.024                      -1.2922392
                  15.028                      -1.2921854
                  15.032                       -1.292205
                  15.036                      -1.2922982
                   15.04                      -1.2924654
                  15.044                      -1.2927067
                  15.048                      -1.2930225
                  15.052                      -1.2934131
                  15.056                      -1.2938786
                   15.06                      -1.2944193
                  15.064                      -1.2950355
                  15.068                      -1.2957274
                  15.072                      -1.2964953
                  15.076                      -1.2973394
                   15.08                      -1.2982598
                  15.084                       -1.299257
                  15.088                       -1.300331
                  15.092                      -1.3014821
                  15.096                      -1.3027105
                    15.1                      -1.3040165
                  15.104                      -1.3054001
                  15.108                      -1.3068617
                  15.112                      -1.3084013
                  15.116                      -1.3100193
                   15.12                      -1.3117157
                  15.124                      -1.3134908
                  15.128                      -1.3153447
                  15.132                      -1.3172776
                  15.136                      -1.3192897
                   15.14                      -1.3213811
                  15.144                       -1.323552
                  15.148                      -1.3258025
                  15.152                      -1.3281328
                  15.156                       -1.330543
                   15.16                      -1.3330332
                  15.164                      -1.3356036
                  15.168                      -1.3382543
                  15.172                      -1.3409854
                  15.176                       -1.343797
                   15.18                      -1.3466893
                  15.184                      -1.3496623
                  15.188                      -1.3527162
                  15.192                      -1.3558509
                  15.196                      -1.3590667
                    15.2                      -1.3623636
                  15.204                      -1.3657416
                  15.208                      -1.3692009
                  15.212                      -1.3727415
                  15.216                      -1.3763634
                   15.22                      -1.3800668
                  15.224                      -1.3838516
                  15.228                      -1.3877179
                  15.232                      -1.3916658
                  15.236                      -1.3956953
                   15.24                      -1.3998063
                  15.244                       -1.403999
                  15.248                      -1.4082733
                  15.252                      -1.4126293
                  15.256                       -1.417067
                   15.26                      -1.4215863
                  15.264                      -1.4261873
                  15.268                      -1.4308699
                  15.272                      -1.4356341
                  15.276                      -1.4404799
                   15.28                      -1.4454074
                  15.284                      -1.4504163
                  15.288                      -1.4555068
                  15.292                      -1.4606787
                  15.296                      -1.4659321
                    15.3                      -1.4712668
                  15.304                      -1.4766828
                  15.308                      -1.4821801
                  15.312                      -1.4877585
                  15.316                       -1.493418
                   15.32                      -1.4991585
                  15.324                      -1.5049799
                  15.328                      -1.5108822
                  15.332                      -1.5168652
                  15.336                      -1.5229289
                   15.34                       -1.529073
                  15.344                      -1.5352976
                  15.348                      -1.5416025
                  15.352                      -1.5479876
                  15.356                      -1.5544527
                   15.36                      -1.5609977
                  15.364                      -1.5676225
                  15.368                      -1.5743269
                  15.372                      -1.5811109
                  15.376                      -1.5879741
                   15.38                      -1.5949166
                  15.384                       -1.601938
                  15.388                      -1.6090383
                  15.392                      -1.6162173
                  15.396                      -1.6234748
                    15.4                      -1.6308106
                  15.404                      -1.6382245
                  15.408                      -1.6457164
                  15.412                       -1.653286
                  15.416                      -1.6609332
                   15.42                      -1.6686577
                  15.424                      -1.6764593
                  15.428                      -1.6843379
                  15.432                      -1.6922932
                  15.436                      -1.7003249
                   15.44                      -1.7084329
                  15.444                      -1.7166169
                  15.448                      -1.7248767
                  15.452                      -1.7332121
                  15.456                      -1.7416227
                   15.46                      -1.7501084
                  15.464                       -1.758669
                  15.468                       -1.767304
                  15.472                      -1.7760134
                  15.476                      -1.7847968
                   15.48                      -1.7936539
                  15.484                      -1.8025845
                  15.488                      -1.8115884
                  15.492                      -1.8206651
                  15.496                      -1.8298145
                    15.5                      -1.8390363
                  15.504                      -1.8483302
                  15.508                      -1.8576958
                  15.512                      -1.8671329
                  15.516                      -1.8766412
                   15.52                      -1.8862204
                  15.524                      -1.8958702
                  15.528                      -1.9055902
                  15.532                      -1.9153802
                  15.536                      -1.9252398
                   15.54                      -1.9351687
                  15.544                      -1.9451666
                  15.548                      -1.9552332
                  15.552                      -1.9653682
                  15.556                      -1.9755711
                   15.56                      -1.9858417
                  15.564                      -1.9961797
                  15.568                      -2.0065846
                  15.572                      -2.0170562
                  15.576                      -2.0275941
                   15.58                       -2.038198
                  15.584                      -2.0488675
                  15.588                      -2.0596023
                  15.592                       -2.070402
                  15.596                      -2.0812662
                    15.6                      -2.0921946
                  15.604                      -2.1031868
                  15.608                      -2.1142426
                  15.612                      -2.1253614
                  15.616                      -2.1365429
                   15.62                      -2.1477869
                  15.624                      -2.1590928
                  15.628                      -2.1704603
                  15.632                      -2.1818891
                  15.636                      -2.1933788
                   15.64                      -2.2049289
                  15.644                      -2.2165392
                  15.648                      -2.2282092
                  15.652                      -2.2399385
                  15.656                      -2.2517268
                   15.66                      -2.2635737
                  15.664                      -2.2754788
                  15.668                      -2.2874416
                  15.672                      -2.2994619
                  15.676                      -2.3115392
                   15.68                      -2.3236731
                  15.684                      -2.3358633
                  15.688                      -2.3481093
                  15.692                      -2.3604107
                  15.696                      -2.3727672
                    15.7                      -2.3851783
                  15.704                      -2.3976437
                  15.708                      -2.4101629
                  15.712                      -2.4227356
                  15.716                      -2.4353613
                   15.72                      -2.4480397
                  15.724                      -2.4607703
                  15.728                      -2.4735528
                  15.732                      -2.4863867
                  15.736                      -2.4992717
                   15.74                      -2.5122073
                  15.744                      -2.5251931
                  15.748                      -2.5382287
                  15.752                      -2.5513138
                  15.756                      -2.5644479
                   15.76                      -2.5776306
                  15.764                      -2.5908615
                  15.768                      -2.6041402
                  15.772                      -2.6174663
                  15.776                      -2.6308394
                   15.78                      -2.6442591
                  15.784                      -2.6577249
                  15.788                      -2.6712366
                  15.792                      -2.6847936
                  15.796                      -2.6983955
                    15.8                       -2.712042
                  15.804                      -2.7257327
                  15.808                      -2.7394671
                  15.812                      -2.7532449
                  15.816                      -2.7670656
                   15.82                      -2.7809289
                  15.824                      -2.7948343
                  15.828                      -2.8087814
                  15.832                      -2.8227699
                  15.836                      -2.8367992
                   15.84                      -2.8508692
                  15.844                      -2.8649792
                  15.848                       -2.879129
                  15.852                      -2.8933182
                  15.856                      -2.9075462
                   15.86                      -2.9218129
                  15.864                      -2.9361176
                  15.868                      -2.9504601
                  15.872                        -2.96484
                  15.876                      -2.9792568
                   15.88                      -2.9937102
                  15.884                      -3.0081998
                  15.888                      -3.0227252
                  15.892                       -3.037286
                  15.896                      -3.0518817
                    15.9                      -3.0665121
                  15.904                      -3.0811768
                  15.908                      -3.0958753
                  15.912                      -3.1106072
                  15.916                      -3.1253723
                   15.92                        -3.14017
                  15.924                      -3.1550001
                  15.928                      -3.1698621
                  15.932                      -3.1847557
                  15.936                      -3.1996805
                   15.94                       -3.214636
                  15.944                      -3.2296221
                  15.948                      -3.2446382
                  15.952                      -3.2596839
                  15.956                       -3.274759
                   15.96                      -3.2898631
                  15.964                      -3.3049957
                  15.968                      -3.3201566
                  15.972                      -3.3353453
                  15.976                      -3.3505616
                   15.98                      -3.3658049
                  15.984                      -3.3810751
                  15.988                      -3.3963716
                  15.992                      -3.4116942
                  15.996                      -3.4270425
                      16                      -3.4424162
                  16.004                      -3.4578148
                  16.008                      -3.4732381
                  16.012                      -3.4886858
                  16.016                      -3.5041573
                   16.02                      -3.5196525
                  16.024                      -3.5351709
                  16.028                      -3.5507122
                  16.032                      -3.5662762
                  16.036                      -3.5818623
                   16.04                      -3.5974704
                  16.044                         -3.6131
                  16.048                      -3.6287509
                  16.052                      -3.6444227
                  16.056                       -3.660115
                   16.06                      -3.6758276
                  16.064                      -3.6915601
                  16.068                      -3.7073122
                  16.072                      -3.7230835
                  16.076                      -3.7388738
                   16.08                      -3.7546827
                  16.084                        -3.77051
                  16.088                      -3.7863552
                  16.092                      -3.8022181
                  16.096                      -3.8180983
                    16.1                      -3.8339957
                  16.104                      -3.8499097
                  16.108                      -3.8658402
                  16.112                      -3.8817868
                  16.116                      -3.8977493
                   16.12                      -3.9137272
                  16.124                      -3.9297204
                  16.128                      -3.9457286
                  16.132                      -3.9617513
                  16.136                      -3.9777884
                   16.14                      -3.9938396
                  16.144                      -4.0099045
                  16.148                      -4.0259828
                  16.152                      -4.0420743
                  16.156                      -4.0581788
                   16.16                      -4.0742958
                  16.164                      -4.0904252
                  16.168                      -4.1065666
                  16.172                      -4.1227197
                  16.176                      -4.1388844
                   16.18                      -4.1550603
                  16.184                      -4.1712471
                  16.188                      -4.1874446
                  16.192                      -4.2036526
                  16.196                      -4.2198706
                    16.2                      -4.2360986
                  16.204                      -4.2523361
                  16.208                       -4.268583
                  16.212                       -4.284839
                  16.216                      -4.3011038
                   16.22                      -4.3173772
                  16.224                      -4.3336589
                  16.228                      -4.3499487
                  16.232                      -4.3662463
                  16.236                      -4.3825515
                   16.24                       -4.398864
                  16.244                      -4.4151836
                  16.248                        -4.43151
                  16.252                      -4.4478431
                  16.256                      -4.4641824
                   16.26                      -4.4805279
                  16.264                      -4.4968793
                  16.268                      -4.5132363
                  16.272                      -4.5295988
                  16.276                      -4.5459664
                   16.28                       -4.562339
                  16.284                      -4.5787163
                  16.288                      -4.5950981
                  16.292                      -4.6114842
                  16.296                      -4.6278744
                    16.3                      -4.6442684
                  16.304                       -4.660666
                  16.308                       -4.677067
                  16.312                      -4.6934712
                  16.316                      -4.7098784
                   16.32                      -4.7262883
                  16.324                      -4.7427008
                  16.328                      -4.7591157
                  16.332                      -4.7755326
                  16.336                      -4.7919515
                   16.34                      -4.8083722
                  16.344                      -4.8247943
                  16.348                      -4.8412178
                  16.352                      -4.8576424
                  16.356                       -4.874068
                   16.36                      -4.8904943
                  16.364                      -4.9069211
                  16.368                      -4.9233483
                  16.372                      -4.9397756
                  16.376                       -4.956203
                   16.38                      -4.9726301
                  16.384                      -4.9890568
                  16.388                      -5.0054829
                  16.392                      -5.0219083
                  16.396                      -5.0383327
                    16.4                       -5.054756
                  16.404                       -5.071178
                  16.408                      -5.0875985
                  16.412                      -5.1040174
                  16.416                      -5.1204345
                   16.42                      -5.1368495
                  16.424                      -5.1532624
                  16.428                      -5.1696729
                  16.432                       -5.186081
                  16.436                      -5.2024864
                   16.44                      -5.2188889
                  16.444                      -5.2352885
                  16.448                      -5.2516849
                  16.452                       -5.268078
                  16.456                      -5.2844676
                   16.46                      -5.3008536
                  16.464                      -5.3172358
                  16.468                      -5.3336141
                  16.472                      -5.3499883
                  16.476                      -5.3663583
                   16.48                      -5.3827238
                  16.484                      -5.3990849
                  16.488                      -5.4154412
                  16.492                      -5.4317927
                  16.496                      -5.4481392
                    16.5                      -5.4644807
                  16.504                      -5.4808168
                  16.508                      -5.4971476
                  16.512                      -5.5134728
                  16.516                      -5.5297924
                   16.52                      -5.5461061
                  16.524                      -5.5624139
                  16.528                      -5.5787156
                  16.532                      -5.5950112
                  16.536                      -5.6113003
                   16.54                       -5.627583
                  16.544                      -5.6438591
                  16.548                      -5.6601285
                  16.552                       -5.676391
                  16.556                      -5.6926466
                   16.56                       -5.708895
                  16.564                      -5.7251362
                  16.568                      -5.7413701
                  16.572                      -5.7575965
                  16.576                      -5.7738154
                   16.58                      -5.7900265
                  16.584                      -5.8062298
                  16.588                      -5.8224252
                  16.592                      -5.8386125
                  16.596                      -5.8547917
                    16.6                      -5.8709626
                  16.604                      -5.8871252
                  16.608                      -5.9032792
                  16.612                      -5.9194246
                  16.616                      -5.9355614
                   16.62                      -5.9516893
                  16.624                      -5.9678083
                  16.628                      -5.9839183
                  16.632                      -6.0000192
                  16.636                      -6.0161108
                   16.64                      -6.0321932
                  16.644                      -6.0482661
                  16.648                      -6.0643295
                  16.652                      -6.0803832
                  16.656                      -6.0964272
                   16.66                      -6.1124615
                  16.664                      -6.1284858
                  16.668                      -6.1445001
                  16.672                      -6.1605043
                  16.676                      -6.1764984
                   16.68                      -6.1924822
                  16.684                      -6.2084556
                  16.688                      -6.2244185
                  16.692                      -6.2403709
                  16.696                      -6.2563127
                    16.7                      -6.2722438
                  16.704                       -6.288164
                  16.708                      -6.3040734
                  16.712                      -6.3199719
                  16.716                      -6.3358593
                   16.72                      -6.3517355
                  16.724                      -6.3676006
                  16.728                      -6.3834543
                  16.732                      -6.3992967
                  16.736                      -6.4151277
                   16.74                      -6.4309471
                  16.744                      -6.4467549
                  16.748                      -6.4625511
                  16.752                      -6.4783355
                  16.756                      -6.4941082
                   16.76                      -6.5098689
                  16.764                      -6.5256176
                  16.768                      -6.5413544
                  16.772                       -6.557079
                  16.776                      -6.5727915
                   16.78                      -6.5884917
                  16.784                      -6.6041796
                  16.788                      -6.6198551
                  16.792                      -6.6355182
                  16.796                      -6.6511688
                    16.8                      -6.6668069
                  16.804                      -6.6824323
                  16.808                       -6.698045
                  16.812                      -6.7136449
                  16.816                      -6.7292321
                   16.82                      -6.7448063
                  16.824                      -6.7603676
                  16.828                       -6.775916
                  16.832                      -6.7914512
                  16.836                      -6.8069734
                   16.84                      -6.8224824
                  16.844                      -6.8379781
                  16.848                      -6.8534606
                  16.852                      -6.8689297
                  16.856                      -6.8843855
                   16.86                      -6.8998278
                  16.864                      -6.9152566
                  16.868                      -6.9306718
                  16.872                      -6.9460735
                  16.876                      -6.9614615
                   16.88                      -6.9768358
                  16.884                      -6.9921963
                  16.888                       -7.007543
                  16.892                      -7.0228759
                  16.896                      -7.0381949
                    16.9                         -7.0535
                  16.904                      -7.0687911
                  16.908                      -7.0840681
                  16.912                       -7.099331
                  16.916                      -7.1145799
                   16.92                      -7.1298145
                  16.924                       -7.145035
                  16.928                      -7.1602411
                  16.932                       -7.175433
                  16.936                      -7.1906106
                   16.94                      -7.2057737
                  16.944                      -7.2209225
                  16.948                      -7.2360568
                  16.952                      -7.2511765
                  16.956                      -7.2662818
                   16.96                      -7.2813724
                  16.964                      -7.2964485
                  16.968                      -7.3115099
                  16.972                      -7.3265566
                  16.976                      -7.3415885
                   16.98                      -7.3566058
                  16.984                      -7.3716082
                  16.988                      -7.3865958
                  16.992                      -7.4015685
                  16.996                      -7.4165263
                      17                      -7.4314692

